0 0.314263 0.364553 0.020211 0.021579
0 0.343158 0.381263 0.015316 0.013211
0 0.432658 0.330763 0.020211 0.018105
0 0.433355 0.467263 0.017395 0.015316
0 0.440658 0.481895 0.015316 0.015316
0 0.275618 0.486421 0.015342 0.016000
0 0.559750 0.494434 0.019500 0.019500
0 0.539553 0.266000 0.013947 0.020895
0 0.536079 0.287947 0.015316 0.018789
0 0.636697 0.453684 0.017395 0.020211
0 0.458066 0.535500 0.016711 0.018105
0 0.449724 0.357934 0.019500 0.015342
0 0.742197 0.513934 0.016711 0.016711
0 0.764487 0.498605 0.016711 0.018105
0 0.769355 0.460303 0.013921 0.013921
0 0.241829 0.376013 0.037289 0.037289
0 0.625211 0.659118 0.020895 0.018816
0 0.425697 0.704724 0.016026 0.019500
0 0.539197 0.702987 0.016026 0.013237
0 0.673961 0.710658 0.019500 0.017421
0 0.750211 0.712053 0.011842 0.014632
0 0.609197 0.549434 0.013921 0.016711
0 0.640184 0.559197 0.009053 0.013921
0 0.693461 0.331474 0.013921 0.012526
0 0.702158 0.297000 0.016000 0.017421
0 0.398882 0.280947 0.074605 0.071000
0 0.417526 0.372395 0.034895 0.037316
0 0.659395 0.273118 0.063789 0.057763
0 0.277934 0.517408 0.030079 0.028868
0 0.305000 0.647368 0.052947 0.052947
0 0.251461 0.682868 0.034921 0.032474
0 0.389250 0.653987 0.028868 0.032500
0 0.750250 0.249645 0.031289 0.030079
0 0.731000 0.302000 0.028895 0.028895
0 0.728592 0.367592 0.033711 0.032500
0 0.676250 0.396461 0.039711 0.039711
0 0.680461 0.439184 0.028868 0.028895
0 0.746053 0.473487 0.034895 0.032500
0 0.682263 0.666618 0.068579 0.067395
0 0.745447 0.679263 0.036105 0.037316
0 0.538461 0.657605 0.048132 0.044526
0 0.249842 0.602711 0.023684 0.020211
0 0.630434 0.509395 0.022974 0.024368
0 0.742908 0.567895 0.016711 0.017421
0 0.487329 0.687671 0.025079 0.022974
0 0.269000 0.310224 0.023000 0.022974
0 0.280500 0.276461 0.018105 0.013921
