0 0.679882 0.590526 0.031342 0.036211
0 0.355000 0.622211 0.090526 0.094000
0 0.324355 0.748947 0.058500 0.066158
0 0.398539 0.733632 0.031342 0.035526
0 0.459105 0.692553 0.066158 0.063368
0 0.311579 0.688211 0.016105 0.012947
0 0.710579 0.503500 0.010789 0.009737
0 0.705316 0.542447 0.014474 0.018158
0 0.543211 0.591921 0.020263 0.018684
0 0.646237 0.578895 0.022105 0.021053
0 0.537026 0.568237 0.014737 0.011842
0 0.534132 0.518368 0.010000 0.009474
0 0.565974 0.494026 0.012632 0.013947
0 0.529263 0.475342 0.013421 0.015000
0 0.507171 0.759053 0.067553 0.069632
0 0.597000 0.744776 0.094000 0.091237
0 0.773539 0.716579 0.065447 0.069632
0 0.549303 0.472145 0.013921 0.016711
0 0.777724 0.481553 0.032026 0.029947
0 0.751961 0.438368 0.032026 0.035526
0 0.707737 0.402500 0.042474 0.041789
0 0.729329 0.358276 0.028553 0.025763
0 0.757171 0.327987 0.025763 0.029237
0 0.807671 0.537947 0.016711 0.018789
0 0.763789 0.353395 0.016737 0.011842
0 0.759961 0.374645 0.013237 0.013921
0 0.797921 0.315105 0.015316 0.013211
0 0.501250 0.558842 0.018132 0.018789
0 0.506474 0.576592 0.014632 0.016711
0 0.513079 0.535855 0.015316 0.013237
0 0.570539 0.540382 0.014605 0.019500
0 0.565316 0.564408 0.012526 0.013237
0 0.546868 0.668882 0.027158 0.025763
0 0.589342 0.573118 0.014632 0.015342
0 0.593171 0.438013 0.019500 0.019500
0 0.289553 0.670263 0.018105 0.013211
0 0.273184 0.326934 0.032737 0.034132
0 0.346303 0.334250 0.025763 0.022289
0 0.382158 0.317539 0.041789 0.037605
0 0.348053 0.393105 0.059895 0.053632
0 0.293724 0.395882 0.020868 0.017395
0 0.375908 0.360368 0.013921 0.014632
0 0.397842 0.354803 0.014632 0.016026
0 0.420118 0.325553 0.024395 0.018789
0 0.428474 0.350974 0.016000 0.018105
0 0.466092 0.355842 0.046658 0.045947
0 0.575763 0.334605 0.087737 0.081474
0 0.391921 0.394145 0.018105 0.015342
0 0.320895 0.458908 0.018105 0.015342
0 0.362658 0.468303 0.020895 0.022974
0 0.414197 0.461355 0.027868 0.028553
0 0.459816 0.503829 0.057789 0.056395
0 0.542342 0.434882 0.023684 0.024395
0 0.510303 0.448816 0.016711 0.011842
0 0.511684 0.504171 0.020895 0.022289
0 0.595263 0.500355 0.025053 0.025763
0 0.391224 0.541776 0.027868 0.029237
0 0.285711 0.518447 0.014632 0.016000
0 0.327342 0.489526 0.007895 0.008526
0 0.411658 0.558368 0.012947 0.016105
0 0.367921 0.532474 0.015158 0.012947
0 0.454947 0.396684 0.013158 0.011842
0 0.499816 0.372868 0.010263 0.009474
0 0.467908 0.311289 0.014711 0.013632
0 0.498474 0.619368 0.013895 0.013263
0 0.605368 0.625684 0.012947 0.011368
0 0.646421 0.651105 0.013579 0.015474
0 0.285368 0.644461 0.016737 0.018342
