0 0.292632 0.785237 0.026842 0.029474
0 0.204605 0.712474 0.013947 0.013947
0 0.326158 0.824066 0.015000 0.016553
0 0.347342 0.813395 0.019474 0.016842
0 0.586026 0.795500 0.052632 0.049474
0 0.635368 0.816711 0.023947 0.025526
0 0.669947 0.810316 0.043947 0.043684
0 0.688763 0.849395 0.019474 0.014474
0 0.625895 0.739737 0.076105 0.078947
0 0.629947 0.597158 0.018421 0.017895
0 0.758895 0.423368 0.027105 0.028684
0 0.742184 0.401000 0.016316 0.017632
0 0.672184 0.375105 0.012368 0.013684
0 0.494158 0.447474 0.012632 0.015789
0 0.476132 0.574974 0.013947 0.015526
0 0.396105 0.450645 0.011316 0.011289
0 0.503197 0.691789 0.013711 0.013421
0 0.431868 0.671263 0.012105 0.010263
0 0.407197 0.409671 0.015921 0.012500
0 0.352539 0.447750 0.044658 0.045342
0 0.365303 0.382605 0.028553 0.029895
0 0.387132 0.352882 0.032579 0.032237
0 0.301329 0.367829 0.030237 0.027868
0 0.333737 0.349855 0.037947 0.037605
0 0.269421 0.339105 0.022158 0.024842
0 0.430013 0.602816 0.021816 0.021158
0 0.387697 0.599618 0.020500 0.018132
0 0.216526 0.424921 0.019789 0.015789
0 0.508882 0.358763 0.012763 0.012421
0 0.551184 0.422737 0.014789 0.014789
0 0.611803 0.554039 0.042658 0.045658
0 0.537092 0.530539 0.040974 0.044342
0 0.450105 0.568829 0.018789 0.020816
0 0.598211 0.406447 0.037632 0.035263
0 0.578895 0.374868 0.029895 0.026526
0 0.478316 0.426934 0.020158 0.020500
0 0.226263 0.466224 0.017789 0.015763
0 0.383263 0.433645 0.017474 0.017816
0 0.384961 0.492921 0.018132 0.020842
0 0.247092 0.535079 0.019132 0.018474
0 0.318618 0.474289 0.034605 0.031895
0 0.456895 0.624474 0.027211 0.019474
0 0.554447 0.601803 0.026842 0.025868
0 0.709092 0.652342 0.022500 0.026211
0 0.372934 0.705447 0.047868 0.046158
0 0.536658 0.732724 0.033316 0.035816
0 0.247368 0.791816 0.037895 0.036316
