0 0.640158 0.709579 0.013421 0.017895
0 0.560684 0.716289 0.009737 0.009737
0 0.521737 0.642342 0.015526 0.018158
0 0.550171 0.340039 0.029026 0.029026
0 0.411474 0.447395 0.016263 0.013947
0 0.236224 0.508618 0.034816 0.037711
0 0.279158 0.499053 0.023211 0.022053
0 0.407132 0.476421 0.021474 0.019737
0 0.336316 0.539947 0.023789 0.023789
0 0.295118 0.559974 0.017974 0.017421
0 0.382750 0.580868 0.041184 0.046421
0 0.468342 0.500500 0.038316 0.040053
0 0.717013 0.418092 0.059763 0.062079
0 0.618355 0.540250 0.053974 0.052237
0 0.526079 0.467711 0.019158 0.018579
0 0.512158 0.428539 0.014526 0.017974
0 0.430921 0.535605 0.019158 0.017421
0 0.383908 0.542566 0.020289 0.016237
0 0.257684 0.619461 0.036000 0.040026
0 0.310487 0.661250 0.032500 0.035395
0 0.523184 0.696355 0.028421 0.030184
0 0.576276 0.635421 0.033658 0.039474
0 0.236776 0.572987 0.022237 0.017395
0 0.349697 0.594987 0.016921 0.014026
0 0.207526 0.742013 0.019842 0.018868
0 0.225908 0.760145 0.016921 0.017395
0 0.228079 0.780934 0.023211 0.022237
0 0.573382 0.808500 0.029026 0.026105
0 0.574342 0.769092 0.023211 0.020816
0 0.219382 0.684461 0.037711 0.039184
0 0.242342 0.734276 0.017895 0.018868
0 0.720868 0.366487 0.015474 0.017395
0 0.588118 0.378105 0.018868 0.020316
0 0.722329 0.541803 0.016447 0.014026
0 0.732500 0.625474 0.021316 0.022737
0 0.336250 0.692500 0.014500 0.014526
0 0.285461 0.594776 0.016921 0.012500
0 0.408184 0.533921 0.011684 0.011684
0 0.430342 0.484947 0.014105 0.015316
0 0.445263 0.468026 0.016526 0.015316
0 0.424908 0.460158 0.016132 0.014105
0 0.284803 0.465750 0.011763 0.013447
0 0.307132 0.500684 0.014789 0.014105
0 0.337816 0.580974 0.010474 0.008000
0 0.249566 0.317987 0.017395 0.016237
0 0.260882 0.349618 0.031921 0.034237
0 0.392026 0.361500 0.072526 0.068474
0 0.497645 0.351934 0.055132 0.059763
0 0.459053 0.382684 0.023211 0.020316
0 0.237368 0.412579 0.022053 0.019737
0 0.333421 0.427079 0.043526 0.041789
0 0.374329 0.433184 0.025553 0.024947
0 0.440487 0.445079 0.026711 0.027842
