     0/499     1.36G  0.004297   0.00313 1.865e-05  0.007445        17       416    0.9801    0.9277    0.9525    0.8107   0.06225   0.03043  0.002278
     1/499     1.33G  0.003137  0.002531 9.964e-06  0.005678        17       416    0.9787    0.9276    0.9527      0.81   0.06226   0.03044  0.002283
     2/499     1.33G  0.004056  0.003122 2.294e-05  0.007202        30       416    0.9785    0.9276    0.9526    0.8077   0.06232   0.03046  0.002273
     3/499     1.33G  0.003957  0.003448 1.208e-05  0.007416        21       416    0.9817    0.9277    0.9527    0.8099   0.06225   0.03033  0.002262
     4/499     1.33G  0.006361  0.003274 3.486e-05  0.009669        25       416    0.9757    0.9342    0.9528    0.8112   0.06225   0.03036  0.002265
     5/499     1.33G  0.004599  0.003003  4.22e-05  0.007644        25       416    0.9627    0.9474    0.9528    0.8098   0.06226   0.03031  0.002259
     6/499     1.33G  0.005065  0.002937 3.481e-05  0.008037        16       416    0.9756    0.9335    0.9527    0.8089    0.0623   0.03029  0.002273
     7/499     1.33G  0.004044  0.002768 1.872e-05   0.00683         3       416    0.9782    0.9343    0.9526    0.8107   0.06221   0.03037  0.002258
     8/499     1.33G  0.006562  0.002802 8.997e-05  0.009454        22       416    0.9642    0.9472    0.9526     0.809    0.0622   0.03025  0.002242
     9/499     1.33G  0.004561    0.0039 1.591e-05  0.008477        26       416    0.9771    0.9342    0.9527    0.8098   0.06226   0.03012  0.002244
    10/499     1.33G  0.006886  0.003496 5.089e-05   0.01043        21       416    0.9765    0.9342    0.9527    0.8083   0.06228   0.02998  0.002262
    11/499     1.33G  0.007445  0.003643 4.894e-05   0.01114        14       416    0.9801    0.9359    0.9527    0.8095   0.06222   0.02987  0.002279
    12/499     1.33G  0.007338  0.003141 0.0002624   0.01074         7       416    0.9781    0.9409    0.9528     0.809   0.06234   0.02998  0.002271
    13/499     1.33G   0.00467   0.00248 3.604e-05  0.007186         7       416    0.9778    0.9409    0.9527    0.8069    0.0624   0.02995  0.002268
    14/499     1.33G  0.004754  0.003327 1.265e-05  0.008094        28       416    0.9771    0.9408    0.9528    0.8094   0.06244   0.02993  0.002265
    15/499     1.33G  0.004906  0.003048 1.554e-05   0.00797         4       416    0.9757    0.9474    0.9528    0.8083   0.06231   0.02995  0.002248
    16/499     1.33G  0.005494  0.003652 2.208e-05  0.009168        28       416    0.9788    0.9472    0.9528    0.8081   0.06239   0.02997  0.002243
    17/499     1.33G  0.007476  0.003058 6.363e-05    0.0106        18       416    0.9797    0.9472    0.9528    0.7701   0.06251   0.03029  0.002246
    18/499     1.33G  0.005842  0.003172 3.347e-05  0.009047         5       416    0.9788    0.9474    0.9529    0.8074   0.06241   0.02988  0.002242
    19/499     1.33G   0.00516  0.004018 2.099e-05  0.009199        19       416    0.9788    0.9472    0.9527    0.8056   0.06253   0.02973  0.002239
    20/499     1.33G  0.004663  0.003088 1.333e-05  0.007764         5       416     0.981    0.9472    0.9527    0.7716   0.06227   0.02992  0.002252
    21/499     1.33G   0.00497  0.003031 3.724e-05  0.008038        19       416    0.9828    0.9474    0.9527    0.8072   0.06241   0.02999  0.002245
    22/499     1.33G  0.004976  0.003329 1.669e-05  0.008321        29       416    0.9817    0.9474    0.9527    0.8041   0.06288   0.03002   0.00225
    23/499     1.33G  0.006429  0.004093 2.147e-05   0.01054        39       416    0.9822    0.9474    0.9527    0.8042   0.06243   0.03037  0.002239
    24/499     1.33G  0.008021  0.003109 0.0002782   0.01141        19       416     0.984    0.9474    0.9526    0.8045   0.06232   0.03066  0.002233
    25/499     1.33G  0.005723  0.002943 1.845e-05  0.008685        11       416    0.9847    0.9474    0.9525    0.8423   0.06267   0.03071  0.002238
    26/499     1.33G  0.004327  0.002448 3.721e-05  0.006812        10       416    0.9825    0.9473    0.9526    0.8105   0.06251   0.03089  0.002241
    27/499     1.33G  0.004585  0.003186  3.76e-05  0.007808        43       416    0.9813    0.9474    0.9524     0.811   0.06261   0.03103  0.002235
    28/499     1.33G  0.005787  0.002867 3.057e-05  0.008685         4       416    0.9766    0.9472    0.9524    0.8056   0.06259   0.03062  0.002238
    29/499     1.33G  0.005872  0.004218 2.646e-05   0.01012        20       416    0.9828    0.9407    0.9526    0.8436   0.06287   0.03022   0.00224
    30/499     1.33G  0.007266  0.004252 2.852e-05   0.01155        28       416     0.982    0.9408    0.9527    0.8409   0.06324   0.03015  0.002237
    31/499     1.33G  0.007853  0.004568 4.321e-05   0.01246         2       416    0.9812    0.9408    0.9527    0.8352   0.06353   0.03014  0.002248
    32/499     1.33G   0.01004  0.003831  7.91e-05   0.01395         8       416    0.9844    0.9409    0.9522    0.7991   0.06329   0.03065  0.002224
    33/499     1.33G  0.006549  0.003837 1.718e-05    0.0104         7       416     0.981    0.9408    0.9528    0.8211   0.06525   0.02958  0.002235
    34/499     1.33G   0.01059  0.005069 1.352e-05   0.01568        15       416     0.981    0.9408    0.9528    0.8211   0.06525   0.02957  0.002235
    35/499     1.33G  0.009055  0.004226 1.637e-05    0.0133        13       416    0.9782    0.9474    0.9523    0.8304   0.06368    0.0299  0.002248
    36/499     1.33G   0.00987   0.00454 0.0002279   0.01464        35       416     0.967    0.9474    0.9521    0.7104   0.06521    0.0315  0.002285
    37/499     1.33G   0.01743  0.005319 0.0002713   0.02302        29       416     0.967    0.9474    0.9521    0.7104   0.06521    0.0315  0.002285
    38/499     1.33G   0.01018  0.003562 1.968e-05   0.01377        13       416    0.9754    0.9342    0.9522     0.701   0.06346   0.03131  0.002318
    39/499     1.33G   0.01182  0.004689 5.541e-05   0.01656        15       416    0.9652    0.9474    0.9526    0.7781     0.064   0.03004  0.002316
    40/499     1.33G   0.00868  0.004922  2.14e-05   0.01362        30       416    0.9652    0.9474    0.9526    0.7781     0.064   0.03004  0.002316
    41/499     1.33G   0.00782  0.004423 1.692e-05   0.01226         4       416    0.9647    0.9474    0.9523    0.7461   0.06363   0.03019  0.002315
    42/499     1.33G  0.008418  0.003577 1.652e-05   0.01201        11       416    0.9601    0.9474    0.9518    0.6244    0.0663   0.03137  0.002326
    43/499     1.33G   0.01334  0.004938 3.893e-05   0.01832         6       416    0.9601    0.9474    0.9518    0.6244    0.0663   0.03136  0.002326
    44/499     1.33G   0.01187  0.004521 2.644e-05   0.01642        11       416    0.9742    0.9277    0.9519    0.6687   0.06587    0.0311   0.00233
    45/499     1.33G   0.01708  0.004507 0.0002498   0.02183        14       416     0.977    0.9277     0.952    0.7035   0.06379   0.02962  0.002298
    46/499     1.33G   0.01043  0.004946 2.957e-05   0.01541        15       416     0.977    0.9277     0.952    0.7035   0.06379   0.02962  0.002298
    47/499     1.33G    0.0111  0.004237 3.453e-05   0.01537         5       416    0.9792    0.9277    0.9521    0.6835   0.06436   0.02892  0.002284
    48/499     1.33G   0.01184  0.004144  6.03e-05   0.01605        32       416    0.9688    0.9408     0.952     0.648   0.06394   0.02951  0.002311
    49/499     1.33G   0.01082  0.004662 5.566e-05   0.01554        26       416    0.9688    0.9408     0.952     0.648   0.06394   0.02951  0.002311
    50/499     1.33G  0.009669  0.004993 3.589e-05    0.0147        22       416    0.9832    0.9408    0.9521    0.6574   0.06341   0.02899  0.002313
    51/499     1.33G   0.00837   0.00357 0.0001375   0.01208        23       416    0.9827    0.9409    0.9521    0.7029   0.06322    0.0288  0.002296
    52/499     1.33G  0.008055  0.004928 2.786e-05   0.01301        20       416    0.9827    0.9409    0.9521    0.7029   0.06322   0.02881  0.002296
    53/499     1.33G  0.008539  0.004337 5.501e-05   0.01293        18       416    0.9834    0.9474    0.9521    0.7088   0.06311    0.0286  0.002313
    54/499     1.33G   0.01134  0.004871 3.706e-05   0.01625        25       416    0.9869    0.9474    0.9521    0.7149   0.06306   0.02926  0.002349
    55/499     1.33G  0.009188  0.004913 3.099e-05   0.01413        18       416    0.9869    0.9474    0.9521    0.7149   0.06306   0.02926  0.002349
    56/499     1.33G   0.01153  0.004621 4.835e-05    0.0162        29       416    0.9883    0.9474     0.952    0.8008   0.06341   0.02949  0.002342
    57/499     1.33G  0.008471  0.005597 3.067e-05    0.0141        20       416    0.9875    0.9474    0.9517    0.7992   0.06383   0.02971  0.002326
    58/499     1.33G  0.007798  0.004496 4.608e-05   0.01234        10       416    0.9875    0.9474    0.9517    0.7992   0.06383   0.02971  0.002326
    59/499     1.33G   0.00802  0.004706 4.331e-05   0.01277        17       416    0.9885    0.9474    0.9517    0.8287   0.06331   0.02974  0.002311
    60/499     1.33G  0.007194  0.003695 2.742e-05   0.01092         7       416    0.9878    0.9538    0.9519    0.8166   0.06418   0.03054    0.0023
    61/499     1.33G  0.009883  0.005161 3.581e-05   0.01508        20       416    0.9878    0.9538    0.9519    0.8166   0.06418   0.03054    0.0023
    62/499     1.33G   0.01023  0.004057 0.0001583   0.01445        25       416    0.9923    0.9474    0.9518    0.7866   0.06406   0.02951  0.002304
    63/499     1.33G  0.008063  0.004719 0.0002047   0.01299        23       416    0.9923    0.9474    0.9518    0.7866   0.06406   0.02951  0.002304
    64/499     1.33G    0.0127  0.004715 6.862e-05   0.01748         8       416    0.9882    0.9539    0.9518    0.7768   0.06481    0.0289  0.002291
    65/499     1.33G  0.008669   0.00369 0.0002522   0.01261        39       416    0.9898    0.9539    0.9549    0.8186   0.06327   0.02969  0.002319
    66/499     1.33G  0.007662  0.004697 5.459e-05   0.01241        20       416    0.9898    0.9539    0.9549    0.8186   0.06327   0.02969  0.002319
    67/499     1.33G  0.009983  0.004979 6.545e-05   0.01503         9       416    0.9883    0.9538    0.9553    0.8167   0.06331   0.03031  0.002342
    68/499     1.33G   0.00756  0.003443 4.733e-05   0.01105         7       416    0.9887    0.9539    0.9519    0.8292   0.06387   0.02952  0.002317
    69/499     1.33G    0.0113  0.003678  6.12e-05   0.01504        22       416    0.9887    0.9539    0.9519    0.8292   0.06387   0.02952  0.002317
    70/499     1.33G  0.007997  0.005164 5.256e-05   0.01321         4       416    0.9897    0.9539    0.9551    0.8287   0.06458    0.0292   0.00233
    71/499     1.33G   0.01006  0.005091  8.99e-05   0.01524        27       416     0.994    0.9539    0.9566    0.8286   0.06364   0.02948  0.002309
    72/499     1.33G  0.007643  0.003682 3.589e-05   0.01136        16       416     0.994    0.9539    0.9566    0.8286   0.06364   0.02948  0.002309
    73/499     1.33G   0.01081  0.004885 0.0001394   0.01583        31       416    0.9913    0.9539    0.9543    0.8254   0.06374   0.02933  0.002307
    74/499     1.33G  0.007652  0.004831 4.824e-05   0.01253        30       416    0.9932    0.9539    0.9596    0.7941   0.06336     0.028   0.00228
    75/499     1.33G   0.00748  0.004257 3.237e-05   0.01177        19       416    0.9932    0.9539    0.9596    0.7941   0.06336   0.02799   0.00228
    76/499     1.33G  0.008554  0.004983 0.0001306   0.01367        27       416    0.9962    0.9539    0.9601      0.79   0.06343   0.02744  0.002278
    77/499     1.33G  0.009158  0.003963 5.896e-05   0.01318        14       416    0.9935    0.9539     0.956    0.7664   0.06302   0.02786  0.002297
    78/499     1.33G   0.00887  0.003949 4.457e-05   0.01286        18       416    0.9935    0.9539     0.956    0.7664   0.06302   0.02786  0.002297
    79/499     1.33G  0.006938  0.003953 3.062e-05   0.01092        18       416     0.991    0.9539    0.9554    0.7507    0.0632   0.02758  0.002278
    80/499     1.33G   0.01175   0.00462 6.038e-05   0.01643         6       416    0.9887    0.9538    0.9587    0.7882   0.06322    0.0265  0.002247
    81/499     1.33G  0.008773  0.005163 3.351e-05   0.01397        15       416    0.9887    0.9538    0.9587    0.7882   0.06322    0.0265  0.002247
    82/499     1.33G   0.01255  0.004483 0.0002181   0.01725        12       416    0.9891    0.9538    0.9581    0.7943   0.06273   0.02644  0.002254
    83/499     1.33G  0.007883  0.003753 7.278e-05   0.01171        35       416     0.988    0.9538    0.9617    0.7684   0.06203   0.02663  0.002286
    84/499     1.33G  0.008638  0.004115  5.18e-05    0.0128        15       416     0.988    0.9538    0.9617    0.7684   0.06203   0.02663  0.002286
    85/499     1.33G  0.007411  0.004233 4.831e-05   0.01169        32       416    0.9863    0.9538    0.9621    0.7633   0.06204   0.02638   0.00228
    86/499     1.33G  0.006981  0.004017  4.66e-05   0.01104        17       416    0.9867    0.9539    0.9618    0.7479   0.06361   0.02608  0.002264
    87/499     1.33G  0.009244  0.004452  4.29e-05   0.01374        19       416    0.9867    0.9539    0.9618    0.7479   0.06361   0.02608  0.002264
    88/499     1.33G  0.008604  0.003816 4.982e-05   0.01247         5       416    0.9847    0.9538    0.9612    0.7678   0.06285     0.026  0.002252
    89/499     1.33G  0.006417  0.004297 3.583e-05   0.01075         8       416    0.9931    0.9475     0.965    0.7639   0.06307   0.02649   0.00226
    90/499     1.33G  0.009002  0.003243 3.825e-05   0.01228        11       416    0.9931    0.9475     0.965    0.7639   0.06307   0.02649   0.00226
    91/499     1.33G   0.01035   0.00377 5.054e-05   0.01417        29       416     0.993    0.9474    0.9641     0.804   0.06304   0.02637  0.002232
    92/499     1.33G  0.006863  0.003866 6.007e-05   0.01079        20       416    0.9906    0.9475    0.9645    0.8035   0.06277   0.02614  0.002243
    93/499     1.33G  0.008748  0.004831 4.603e-05   0.01363        24       416    0.9906    0.9475    0.9645    0.8035   0.06277   0.02615  0.002243
    94/499     1.33G  0.009046  0.004607 6.535e-05   0.01372        19       416     0.985    0.9539    0.9654    0.8075   0.06275   0.02554  0.002229
    95/499     1.33G  0.008175  0.003824 7.302e-05   0.01207         7       416     0.985    0.9539    0.9654    0.8075   0.06275   0.02554  0.002229
    96/499     1.33G  0.007191  0.003864 7.918e-05   0.01113        11       416    0.9847    0.9539    0.9618    0.7932   0.06331    0.0252  0.002217
    97/499     1.33G  0.008683  0.004226 5.803e-05   0.01297        13       416    0.9815    0.9538    0.9624    0.8438   0.06296   0.02522  0.002237
    98/499     1.33G  0.009003  0.003415 0.0002814    0.0127         6       416    0.9815    0.9538    0.9624    0.8438   0.06296   0.02522  0.002237
    99/499     1.33G  0.007236  0.004488 3.353e-05   0.01176         7       416     0.981    0.9539     0.962    0.8289   0.06311   0.02506  0.002223
   100/499     1.33G  0.009857  0.003852  0.000123   0.01383        44       416    0.9822    0.9539    0.9628    0.8245   0.06279   0.02487  0.002232
   101/499     1.33G   0.01063  0.004054 8.338e-05   0.01477        26       416    0.9822    0.9539    0.9628    0.8245   0.06279   0.02488  0.002232
   102/499     1.33G   0.01035  0.004402 6.497e-05   0.01482        51       416    0.9838    0.9539    0.9683    0.8346   0.06258    0.0248  0.002238
   103/499     1.33G  0.008341  0.004219 3.302e-05   0.01259        23       416    0.9839    0.9539    0.9645    0.8072   0.06257   0.02439  0.002227
   104/499     1.33G  0.007761  0.004171 3.787e-05   0.01197        16       416    0.9839    0.9539    0.9645    0.8072   0.06257   0.02439  0.002227
   105/499     1.33G  0.007752  0.004563 3.294e-05   0.01235        15       416    0.9836    0.9539    0.9731    0.8113   0.06258   0.02414  0.002215
   106/499     1.33G  0.008782  0.004419 4.197e-05   0.01324        33       416    0.9841    0.9539    0.9743    0.8016   0.06301   0.02431  0.002232
   107/499     1.33G   0.01407  0.004771  7.04e-05   0.01891         4       416    0.9841    0.9539    0.9743    0.8016   0.06301   0.02431  0.002232
   108/499     1.33G  0.009904  0.004723  4.07e-05   0.01467        15       416    0.9842    0.9539    0.9746    0.7968   0.06376   0.02443  0.002228
   109/499     1.33G   0.01037  0.004357  5.85e-05   0.01478        24       416    0.9846    0.9539    0.9746    0.8067   0.06307   0.02457  0.002218
   110/499     1.33G  0.009464  0.004737  3.41e-05   0.01424        16       416    0.9846    0.9539    0.9746    0.8067   0.06307   0.02458  0.002218
   111/499     1.33G  0.009163   0.00428 4.575e-05   0.01349        19       416    0.9826    0.9539    0.9733    0.7974   0.06321   0.02481  0.002227
   112/499     1.33G  0.008243  0.004567 4.208e-05   0.01285        23       416    0.9791    0.9539    0.9685    0.7836   0.06282   0.02517  0.002223
   113/499     1.33G  0.008039  0.004944 3.533e-05   0.01302        11       416    0.9791    0.9539    0.9685    0.7836   0.06282   0.02517  0.002223
   114/499     1.33G   0.01031  0.005115 9.679e-05   0.01552        21       416    0.9856    0.9474    0.9677    0.8113    0.0629   0.02553  0.002241
   115/499     1.33G  0.007914  0.004503 3.445e-05   0.01245         9       416    0.9836    0.9538    0.9714    0.8219   0.06268   0.02589   0.00222
   116/499     1.33G  0.008385  0.004961 5.132e-05    0.0134        16       416    0.9836    0.9538    0.9714    0.8219   0.06268   0.02589   0.00222
   117/499     1.33G  0.007098  0.004617  3.69e-05   0.01175        40       416    0.9867    0.9539    0.9705    0.8191   0.06282   0.02628  0.002224
   118/499     1.33G  0.007296  0.004201 7.447e-05   0.01157        13       416    0.9878    0.9539    0.9709    0.7614   0.06328   0.02714   0.00223
   119/499     1.33G   0.01117  0.004515 0.0002501   0.01594        25       416    0.9878    0.9539    0.9709    0.7614   0.06328   0.02715   0.00223
   120/499     1.33G   0.01024  0.003807 4.238e-05   0.01409         3       416    0.9882    0.9539    0.9706    0.7878   0.06312   0.02729  0.002222
   121/499     1.33G  0.007328  0.003918 4.434e-05   0.01129        13       416    0.9898    0.9539    0.9657    0.8193   0.06434   0.02648  0.002168
   122/499     1.33G    0.0102  0.005211 4.656e-05   0.01546        15       416    0.9898    0.9539    0.9657    0.8193   0.06434   0.02648  0.002168
   123/499     1.33G  0.008407   0.00474 5.688e-05    0.0132         9       416    0.9888    0.9539    0.9657    0.7838   0.06375   0.02689  0.002183
   124/499     1.33G  0.008869  0.003397 3.236e-05    0.0123        13       416    0.9867    0.9539    0.9679    0.7317   0.06418   0.02742  0.002191
   125/499     1.33G   0.01056  0.005235 3.288e-05   0.01583         3       416    0.9867    0.9539    0.9679    0.7317   0.06418   0.02742  0.002191
   126/499     1.33G  0.009541  0.004985 3.661e-05   0.01456        15       416    0.9848    0.9539    0.9698    0.7419   0.06419   0.02698  0.002192
   127/499     1.33G  0.008918  0.005216 4.107e-05   0.01418         4       416    0.9848    0.9539    0.9698    0.7419   0.06419   0.02698  0.002192
   128/499     1.33G   0.01188  0.004784 5.344e-05   0.01672        16       416    0.9834    0.9539    0.9731    0.7693   0.06495   0.02689  0.002198
   129/499     1.33G  0.009653   0.00549 4.378e-05   0.01519        33       416    0.9793    0.9539    0.9728    0.7875   0.06365   0.02639  0.002172
   130/499     1.33G   0.01075  0.003875 5.723e-05   0.01468        25       416    0.9793    0.9539    0.9728    0.7875   0.06365   0.02639  0.002172
   131/499     1.33G  0.008606  0.004215 3.636e-05   0.01286        19       416    0.9767    0.9539    0.9738    0.7841   0.06358   0.02608  0.002163
   132/499     1.33G   0.00827  0.003863 6.144e-05   0.01219         4       416     0.972    0.9538    0.9732    0.8048    0.0628   0.02617  0.002173
   133/499     1.33G    0.0084  0.004727 5.614e-05   0.01318        15       416     0.972    0.9538    0.9732    0.8048    0.0628   0.02617  0.002173
   134/499     1.33G  0.007838  0.004517  3.82e-05   0.01239        24       416    0.9729    0.9539    0.9739     0.806   0.06297   0.02601  0.002169
   135/499     1.33G  0.007168   0.00432 3.988e-05   0.01153        27       416    0.9731    0.9539    0.9744    0.8415   0.06266   0.02578  0.002174
   136/499     1.33G  0.009177  0.004543  7.45e-05   0.01379        60       416    0.9731    0.9539    0.9744    0.8415   0.06266   0.02578  0.002174
   137/499     1.33G   0.01027  0.004037 5.133e-05   0.01436        21       416    0.9734    0.9539    0.9748    0.8296   0.06283   0.02569  0.002179
   138/499     1.33G  0.007797  0.004013 4.247e-05   0.01185        14       416    0.9743    0.9538     0.976    0.8492   0.06256   0.02554  0.002195
   139/499     1.33G  0.008202  0.004459 0.0001246   0.01279        12       416    0.9743    0.9538     0.976    0.8492   0.06256   0.02554  0.002195
   140/499     1.33G  0.005933  0.002856 2.733e-05  0.008817         6       416    0.9783    0.9539    0.9764    0.8545   0.06258   0.02528  0.002183
   141/499     1.33G   0.01056   0.00411 7.265e-05   0.01475        24       416    0.9797    0.9538    0.9776     0.857   0.06236   0.02535  0.002191
   142/499     1.33G  0.007913  0.004594 4.588e-05   0.01255         7       416    0.9797    0.9538    0.9776     0.857   0.06236   0.02535  0.002191
   143/499     1.33G  0.009818  0.004835 3.891e-05   0.01469        13       416    0.9842    0.9539    0.9759    0.8436   0.06264   0.02523  0.002184
   144/499     1.33G  0.007272  0.003725 0.0001153   0.01111         5       416    0.9856    0.9539    0.9755    0.8356   0.06269   0.02521   0.00216
   145/499     1.33G  0.007591  0.003638 3.169e-05   0.01126        12       416    0.9856    0.9539    0.9755    0.8356   0.06269   0.02521   0.00216
   146/499     1.33G  0.006729  0.003604 3.683e-05   0.01037        24       416     0.986    0.9539     0.977    0.8348   0.06315   0.02525  0.002164
   147/499     1.33G   0.00721  0.002907 5.095e-05   0.01017        18       416    0.9854    0.9538     0.977    0.8043    0.0623   0.02583  0.002174
   148/499     1.33G  0.006174  0.003607 4.816e-05  0.009829        38       416    0.9854    0.9538     0.977    0.8043    0.0623   0.02583  0.002174
   149/499     1.33G  0.006855  0.003148 4.244e-05   0.01005         4       416    0.9878    0.9539     0.978    0.8071   0.06219   0.02631  0.002182
   150/499     1.33G  0.007591  0.004557  5.61e-05    0.0122        28       416    0.9873    0.9539    0.9773    0.8383   0.06304   0.02579  0.002169
   151/499     1.33G  0.009053   0.00484 3.907e-05   0.01393        18       416    0.9873    0.9539    0.9773    0.8383   0.06304   0.02578  0.002169
   152/499     1.33G  0.008167  0.004168 6.093e-05    0.0124        23       416    0.9878    0.9538    0.9779    0.8046    0.0629   0.02575  0.002181
   153/499     1.33G  0.008124  0.003784 6.725e-05   0.01198        17       416    0.9887    0.9539    0.9779    0.8111   0.06225   0.02672  0.002211
   154/499     1.33G   0.00776  0.004852  4.64e-05   0.01266        22       416    0.9887    0.9539    0.9779    0.8111   0.06225   0.02671  0.002211
   155/499     1.33G  0.007477  0.004548 6.951e-05   0.01209        16       416    0.9907    0.9539    0.9771    0.8101   0.06225   0.02672   0.00221
   156/499     1.33G  0.007325  0.004069 3.895e-05   0.01143        30       416    0.9931    0.9539     0.974    0.8426   0.06258   0.02635   0.00218
   157/499     1.33G  0.006816  0.003649 6.446e-05   0.01053        20       416    0.9931    0.9539     0.974    0.8426   0.06258   0.02635   0.00218
   158/499     1.33G  0.007384  0.004935 6.873e-05   0.01239        13       416    0.9938    0.9539    0.9734    0.8038   0.06264   0.02649  0.002198
   159/499     1.33G  0.006831  0.003953 8.295e-05   0.01087        24       416    0.9938    0.9539    0.9734    0.8038   0.06264   0.02649  0.002198
   160/499     1.33G  0.007876  0.004975 6.073e-05   0.01291         4       416    0.9944    0.9539     0.969     0.809   0.06299    0.0266  0.002189
   161/499     1.33G  0.009455  0.004203 7.183e-05   0.01373        18       416    0.9957    0.9539    0.9687    0.7609   0.06243   0.02686  0.002195
   162/499     1.33G  0.006053  0.003872  2.96e-05  0.009954         0       416    0.9957    0.9539    0.9687    0.7609   0.06243   0.02686  0.002195
   163/499     1.33G  0.007689  0.004259 5.395e-05     0.012        16       416    0.9969    0.9539    0.9664    0.7566   0.06242   0.02684  0.002194
   164/499     1.33G  0.006458  0.004337 4.839e-05   0.01084        14       416    0.9973    0.9539    0.9628    0.7729   0.06245   0.02643  0.002201
   165/499     1.33G  0.006216   0.00419 0.0001716   0.01058        24       416    0.9973    0.9539    0.9628    0.7729   0.06245   0.02643  0.002201
   166/499     1.33G  0.007031  0.004602 0.0001499   0.01178        16       416    0.9988    0.9539     0.962    0.7734   0.06265   0.02653  0.002197
   167/499     1.33G  0.006994  0.004043 4.793e-05   0.01108        13       416    0.9995    0.9539     0.962    0.7606   0.06261   0.02687  0.002221
   168/499     1.33G  0.006487  0.003969 6.106e-05   0.01052         9       416    0.9995    0.9539     0.962    0.7606   0.06261   0.02687  0.002221
   169/499     1.33G  0.006617  0.004079  4.82e-05   0.01074         8       416    0.9999    0.9539    0.9597    0.7564   0.06259   0.02694  0.002235
   170/499     1.33G  0.009744   0.00411   3.7e-05   0.01389        13       416    0.9998    0.9539    0.9598      0.77   0.06301   0.02664  0.002219
   171/499     1.33G  0.008184  0.005428 9.203e-05    0.0137        17       416    0.9998    0.9539    0.9598      0.77   0.06301   0.02665  0.002219
   172/499     1.33G  0.008224  0.004038 6.468e-05   0.01233        20       416    0.9999    0.9539    0.9627    0.7632   0.06334   0.02686  0.002232
   173/499     1.33G  0.007664  0.003588 0.0001093   0.01136        16       416    0.9997    0.9539    0.9591    0.7153   0.06316   0.02736  0.002246
   174/499     1.33G  0.007718  0.003964 5.224e-05   0.01173        16       416    0.9997    0.9539    0.9591    0.7153   0.06316   0.02736  0.002246
   175/499     1.33G  0.007355  0.004167 5.634e-05   0.01158        10       416    0.9997    0.9539     0.958     0.714   0.06324   0.02739  0.002242
   176/499     1.33G   0.00679  0.004069 5.197e-05   0.01091         5       416    0.9997    0.9539    0.9544    0.7561   0.06309   0.02692  0.002234
   177/499     1.33G   0.01343  0.004146 0.0003788   0.01795        26       416    0.9997    0.9539    0.9544    0.7561   0.06309   0.02692  0.002234
   178/499     1.33G  0.006283  0.003531 6.415e-05  0.009879         5       416    0.9998    0.9539    0.9539    0.7549   0.06289   0.02677  0.002224
   179/499     1.33G   0.00829  0.003947  0.000201   0.01244        10       416    0.9998    0.9539     0.954    0.7598   0.06287   0.02671  0.002227
   180/499     1.33G  0.007168  0.004779 7.413e-05   0.01202        33       416    0.9998    0.9539     0.954    0.7598   0.06287   0.02671  0.002227
   181/499     1.33G  0.006044  0.003653 4.761e-05  0.009745        40       416    0.9984    0.9539    0.9538    0.7596   0.06271   0.02647  0.002229
   182/499     1.33G   0.00733  0.003138 4.885e-05   0.01052         4       416    0.9961    0.9539    0.9556    0.7977   0.06248   0.02626  0.002237
   183/499     1.33G  0.008322  0.004748 8.439e-05   0.01315        22       416    0.9961    0.9539    0.9556    0.7977   0.06248   0.02625  0.002237
   184/499     1.33G  0.007436  0.003803 6.131e-05    0.0113        20       416    0.9943    0.9539    0.9556    0.7958    0.0623   0.02621  0.002226
   185/499     1.33G   0.00679  0.003934 4.272e-05   0.01077        13       416    0.9922    0.9539    0.9558    0.7975   0.06226   0.02587  0.002216
   186/499     1.33G  0.009761  0.003824 7.615e-05   0.01366        21       416    0.9922    0.9539    0.9558    0.7975   0.06226   0.02587  0.002216
   187/499     1.33G  0.006231  0.003326 2.562e-05  0.009583         6       416    0.9909    0.9539     0.959    0.7949   0.06203   0.02561  0.002211
   188/499     1.33G  0.007211  0.004224 5.502e-05   0.01149         9       416    0.9886    0.9539    0.9552    0.7983   0.06242   0.02584  0.002204
   189/499     1.33G  0.006812  0.004174 5.422e-05   0.01104         9       416    0.9886    0.9539    0.9552    0.7983   0.06242   0.02583  0.002204
   190/499     1.33G  0.008532  0.004556 4.476e-05   0.01313         5       416    0.9891    0.9539    0.9614    0.7978   0.06277   0.02551  0.002203
   191/499     1.33G  0.007967  0.004226 6.913e-05   0.01226        21       416    0.9891    0.9539    0.9614    0.7978   0.06277   0.02551  0.002203
   192/499     1.33G  0.008186  0.004798 6.642e-05   0.01305        25       416    0.9875    0.9539     0.962    0.7918   0.06336   0.02535  0.002202
   193/499     1.33G   0.00773  0.004067 4.975e-05   0.01185         2       416    0.9868    0.9539     0.962    0.7992   0.06277   0.02542  0.002195
   194/499     1.33G  0.005773  0.003696  3.67e-05  0.009505        15       416    0.9868    0.9539     0.962    0.7992   0.06277   0.02542  0.002195
   195/499     1.33G  0.009375  0.003789 4.795e-05   0.01321        16       416     0.986    0.9539    0.9608     0.794   0.06282   0.02553  0.002196
   196/499     1.33G  0.007168  0.003906 3.965e-05   0.01111        21       416    0.9856    0.9539    0.9568    0.8058   0.06285   0.02541  0.002206
   197/499     1.33G  0.009474  0.004205 4.198e-05   0.01372        30       416    0.9856    0.9539    0.9568    0.8058   0.06285    0.0254  0.002206
   198/499     1.33G  0.007506    0.0036 0.0002125   0.01132        24       416    0.9861    0.9539    0.9567    0.7995   0.06328   0.02552  0.002211
   199/499     1.33G   0.01213  0.004808  0.000104   0.01705         7       416    0.9853    0.9539    0.9561    0.8056   0.06273   0.02604  0.002214
   200/499     1.33G  0.007305  0.004327 3.684e-05   0.01167        34       416    0.9853    0.9539    0.9561    0.8056   0.06273   0.02604  0.002214
   201/499     1.33G   0.01088   0.00394 0.0001874   0.01501        12       416    0.9838    0.9539    0.9558    0.7923     0.063   0.02634  0.002221
   202/499     1.33G  0.009766  0.004967 8.937e-05   0.01482        14       416     0.984    0.9539    0.9553    0.8045   0.06297    0.0264  0.002228
   203/499     1.33G  0.007142  0.003419 3.645e-05    0.0106        15       416     0.984    0.9539    0.9553    0.8045   0.06297    0.0264  0.002228
   204/499     1.33G  0.007827  0.003962 7.091e-05   0.01186         2       416    0.9833    0.9539    0.9551    0.8042   0.06317   0.02638  0.002223
   205/499     1.33G  0.007346  0.003423 6.917e-05   0.01084        29       416    0.9814    0.9539     0.956    0.8044   0.06335   0.02612   0.00221
   206/499     1.33G  0.006944  0.004734 5.657e-05   0.01173        33       416    0.9814    0.9539     0.956    0.8044   0.06335   0.02612   0.00221
   207/499     1.33G  0.007989  0.003983 3.353e-05   0.01201         9       416     0.984    0.9539    0.9612    0.8085   0.06362   0.02602   0.00221
   208/499     1.33G  0.007124  0.005341 4.414e-05   0.01251         3       416    0.9846    0.9539     0.963    0.8095   0.06343   0.02607  0.002215
   209/499     1.33G  0.008183   0.00416 5.439e-05    0.0124        32       416    0.9846    0.9539     0.963    0.8095   0.06343   0.02607  0.002215
   210/499     1.33G  0.008056   0.00437 5.252e-05   0.01248        18       416    0.9853    0.9539    0.9645    0.8115   0.06331   0.02601    0.0022
   211/499     1.33G  0.008157  0.004811 3.944e-05   0.01301        44       416    0.9846    0.9539    0.9665    0.7625   0.06314   0.02617  0.002206
   212/499     1.33G  0.008608  0.003918 4.313e-05   0.01257         0       416    0.9846    0.9539    0.9665    0.7625   0.06314   0.02616  0.002206
   213/499     1.33G  0.008247  0.004584 0.0002504   0.01308        29       416    0.9867    0.9539    0.9665    0.7608   0.06314   0.02613  0.002181
   214/499     1.33G  0.009806  0.004438 7.152e-05   0.01432        11       416    0.9885    0.9539    0.9692    0.7606   0.06371   0.02658  0.002173
   215/499     1.33G  0.008146  0.004464 3.748e-05   0.01265        10       416    0.9885    0.9539    0.9692    0.7606   0.06371   0.02658  0.002173
   216/499     1.33G  0.007728  0.004322  6.21e-05   0.01211        29       416    0.9889    0.9539    0.9708    0.7646    0.0638   0.02681  0.002158
   217/499     1.33G  0.007367  0.004316 3.181e-05   0.01172        25       416    0.9892    0.9539    0.9691    0.7655    0.0632   0.02705  0.002147
   218/499     1.33G  0.007384  0.005131 0.0001208   0.01264        13       416    0.9892    0.9539    0.9691    0.7655    0.0632   0.02705  0.002147
   219/499     1.33G    0.0076  0.004153  3.44e-05   0.01179        23       416      0.99    0.9539    0.9616     0.757   0.06354   0.02741  0.002165
   220/499     1.33G  0.008003  0.004866 3.316e-05    0.0129        27       416    0.9912    0.9539    0.9688    0.7606   0.06406   0.02836  0.002154
   221/499     1.33G  0.007149  0.004093 3.994e-05   0.01128        25       416    0.9912    0.9539    0.9688    0.7606   0.06406   0.02836  0.002154
   222/499     1.33G  0.008144  0.004659 0.0001182   0.01292        12       416    0.9913    0.9539    0.9625    0.7608   0.06358   0.02857  0.002138
   223/499     1.33G   0.00627  0.003324 2.783e-05  0.009622        19       416    0.9913    0.9539    0.9625    0.7608   0.06358   0.02857  0.002138
   224/499     1.33G  0.007569  0.005295 4.664e-05   0.01291         1       416     0.991    0.9539    0.9665     0.777   0.06367   0.02875  0.002129
   225/499     1.33G  0.007023  0.002869 3.696e-05  0.009929        10       416    0.9913    0.9539    0.9619    0.7681   0.06386   0.02925  0.002129
   226/499     1.33G  0.006757  0.004165 6.307e-05   0.01098        29       416    0.9913    0.9539    0.9619    0.7681   0.06386   0.02925  0.002129
   227/499     1.33G  0.007409  0.004114 4.854e-05   0.01157        10       416     0.991    0.9539    0.9575    0.7967   0.06425   0.02972  0.002134
   228/499     1.33G  0.008204  0.004319 8.275e-05   0.01261        41       416    0.9903    0.9539    0.9573    0.8038   0.06423   0.02987  0.002137
   229/499     1.33G   0.01009  0.003797 0.0003068   0.01419        29       416    0.9903    0.9539    0.9573    0.8038   0.06423   0.02987  0.002137
   230/499     1.33G  0.007188  0.004216 4.503e-05   0.01145         7       416    0.9896    0.9539    0.9574    0.8031   0.06428   0.02977  0.002146
   231/499     1.33G  0.009106  0.003396 0.0002613   0.01276        17       416      0.99    0.9539    0.9575    0.8033   0.06397    0.0297  0.002157
   232/499     1.33G  0.006369  0.003874 4.202e-05   0.01029        10       416      0.99    0.9539    0.9575    0.8033   0.06397   0.02971  0.002157
   233/499     1.33G  0.007364  0.003879 5.532e-05    0.0113        12       416    0.9888    0.9539    0.9573    0.8348   0.06411   0.02979  0.002148
   234/499     1.33G  0.007096  0.004252 4.144e-05   0.01139        10       416    0.9883    0.9539    0.9528    0.8224    0.0635    0.0293  0.002149
   235/499     1.33G  0.009672  0.003961 0.0002534   0.01389        19       416    0.9883    0.9539    0.9528    0.8224    0.0635    0.0293  0.002149
   236/499     1.33G  0.009288  0.004564 4.477e-05    0.0139         8       416    0.9877    0.9539    0.9528    0.8249   0.06337   0.02893  0.002164
   237/499     1.33G  0.006799  0.004083 4.396e-05   0.01093        12       416    0.9892    0.9539    0.9529     0.822   0.06322   0.02875  0.002161
   238/499     1.33G  0.006511  0.004477 4.441e-05   0.01103         4       416    0.9892    0.9539    0.9529     0.822   0.06322   0.02875  0.002161
   239/499     1.33G  0.007007  0.003873 3.839e-05   0.01092        23       416    0.9894    0.9539    0.9528    0.8248   0.06296   0.02803  0.002166
   240/499     1.33G  0.009469  0.004087 4.523e-05    0.0136        27       416    0.9883    0.9539    0.9527    0.8263   0.06299   0.02771  0.002161
   241/499     1.33G  0.006849  0.003826 4.742e-05   0.01072        17       416    0.9883    0.9539    0.9527    0.8263   0.06299   0.02771  0.002161
   242/499     1.33G  0.006667  0.003786 4.619e-05    0.0105        21       416    0.9881    0.9539    0.9527    0.8257    0.0629   0.02739  0.002162
   243/499     1.33G  0.005666  0.003581 4.656e-05  0.009293         9       416    0.9881    0.9539    0.9527    0.8269   0.06256   0.02709  0.002167
   244/499     1.33G  0.005395  0.003739 4.747e-05  0.009182        20       416    0.9881    0.9539    0.9527    0.8269   0.06256   0.02709  0.002167
   245/499     1.33G  0.008753  0.002964 0.0002491   0.01197        10       416    0.9885    0.9538    0.9525    0.8274   0.06255   0.02692  0.002163
   246/499     1.33G   0.00576  0.003666 5.005e-05  0.009476        11       416    0.9885    0.9539    0.9614     0.808   0.06251   0.02694  0.002181
   247/499     1.33G  0.009115  0.004142 0.0001353   0.01339         8       416    0.9885    0.9539    0.9614     0.808   0.06251   0.02694  0.002181
   248/499     1.33G  0.005749   0.00462 3.956e-05   0.01041         3       416    0.9904    0.9539    0.9618    0.8099   0.06245   0.02672  0.002175
   249/499     1.33G  0.006109  0.003835 5.531e-05  0.009999         9       416      0.99    0.9539    0.9615    0.8117   0.06241   0.02655  0.002175
   250/499     1.33G  0.005158  0.003184 2.679e-05  0.008369        11       416      0.99    0.9539    0.9615    0.8117   0.06241   0.02655  0.002175
   251/499     1.33G  0.008398  0.002957 4.232e-05    0.0114        12       416      0.99    0.9539    0.9615    0.7624   0.06255   0.02666  0.002177
   252/499     1.33G  0.005467  0.002913 3.343e-05  0.008413        13       416    0.9889    0.9539    0.9644    0.7643   0.06243   0.02705  0.002173
   253/499     1.33G  0.006502   0.00396  5.86e-05   0.01052        11       416    0.9889    0.9539    0.9644    0.7643   0.06243   0.02705  0.002173
   254/499     1.33G  0.005792  0.004349 3.362e-05   0.01017        36       416    0.9891    0.9539    0.9613    0.8019   0.06246   0.02708  0.002174
   255/499     1.33G  0.008087  0.004138 3.183e-05   0.01226        17       416    0.9891    0.9539    0.9613    0.8019   0.06246   0.02708  0.002174
   256/499     1.33G  0.009386  0.003439 5.324e-05   0.01288        24       416    0.9896    0.9539    0.9613    0.7657   0.06248   0.02723  0.002179
   257/499     1.33G  0.006805  0.003593 7.338e-05   0.01047         5       416    0.9896    0.9539    0.9571    0.7984   0.06269   0.02741  0.002181
   258/499     1.33G  0.005904  0.004045 4.537e-05  0.009995        26       416    0.9896    0.9539    0.9571    0.7984   0.06269   0.02741  0.002181
   259/499     1.33G  0.006773  0.004118 3.424e-05   0.01093        13       416    0.9908    0.9539    0.9566     0.801   0.06276   0.02757  0.002182
   260/499     1.33G  0.006831   0.00372 4.665e-05    0.0106         9       416    0.9906    0.9539    0.9521    0.7945   0.06283    0.0273  0.002202
   261/499     1.33G  0.009588  0.004731 5.194e-05   0.01437        35       416    0.9906    0.9539    0.9521    0.7945   0.06283    0.0273  0.002202
   262/499     1.33G  0.006251  0.003646 4.275e-05   0.00994        19       416    0.9913    0.9539    0.9523    0.7953   0.06291    0.0273  0.002206
   263/499     1.33G  0.006821  0.005375 5.426e-05   0.01225        32       416    0.9924    0.9539    0.9522    0.7963   0.06254   0.02754    0.0022
   264/499     1.33G  0.006129  0.004305 3.473e-05   0.01047        32       416    0.9924    0.9539    0.9522    0.7963   0.06254   0.02754    0.0022
   265/499     1.33G  0.005827  0.004204 3.684e-05   0.01007        40       416    0.9936    0.9539    0.9524     0.794   0.06258   0.02775  0.002206
   266/499     1.33G   0.00613  0.003598 4.281e-05  0.009771         6       416    0.9938    0.9539    0.9521    0.7953   0.06279   0.02754  0.002206
   267/499     1.33G  0.008181  0.004308 0.0002596   0.01275        20       416    0.9938    0.9539    0.9521    0.7953   0.06279   0.02754  0.002206
   268/499     1.33G  0.009486  0.004663 7.198e-05   0.01422        20       416    0.9945    0.9539    0.9522    0.7924   0.06298   0.02736   0.00219
   269/499     1.33G  0.005621  0.002999 3.179e-05  0.008651        30       416    0.9935    0.9539    0.9519    0.7571   0.06269   0.02759  0.002183
   270/499     1.33G   0.00609  0.003917 3.344e-05   0.01004        25       416    0.9935    0.9539    0.9519    0.7571   0.06269    0.0276  0.002183
   271/499     1.33G  0.005709  0.003486 3.597e-05  0.009231        14       416    0.9934    0.9538    0.9518    0.7532   0.06269   0.02771  0.002181
   272/499     1.33G  0.006214  0.003743 3.006e-05  0.009987        18       416    0.9922    0.9539    0.9518     0.755   0.06267    0.0277  0.002192
   273/499     1.33G  0.008328  0.003813 3.765e-05   0.01218        19       416    0.9922    0.9539    0.9518     0.755   0.06267    0.0277  0.002192
   274/499     1.33G  0.006393  0.004359 3.696e-05   0.01079         4       416    0.9926    0.9539    0.9519    0.7512   0.06284    0.0278  0.002199
   275/499     1.33G  0.006163  0.004949 4.165e-05   0.01115        20       416    0.9921    0.9539    0.9518    0.7522   0.06287   0.02771  0.002201
   276/499     1.33G  0.007097  0.003709 3.809e-05   0.01084        21       416    0.9921    0.9539    0.9518    0.7522   0.06287   0.02771  0.002201
   277/499     1.33G  0.007032  0.003568 3.813e-05   0.01064        19       416    0.9902    0.9538    0.9519    0.7535   0.06306   0.02766  0.002185
   278/499     1.33G  0.005913  0.004566 3.009e-05   0.01051         5       416    0.9917    0.9539    0.9519    0.7526   0.06275   0.02797  0.002179
   279/499     1.33G   0.00789   0.00279 5.978e-05   0.01074        12       416    0.9917    0.9539    0.9519    0.7526   0.06275   0.02797  0.002179
   280/499     1.33G   0.00598  0.004394 3.303e-05   0.01041        26       416    0.9906    0.9539    0.9549    0.7519   0.06307   0.02808  0.002182
   281/499     1.33G  0.006276   0.00443 3.062e-05   0.01074        28       416    0.9911    0.9539    0.9555    0.7696   0.06283   0.02835  0.002194
   282/499     1.33G  0.006615  0.003856 0.0001001   0.01057        20       416    0.9911    0.9539    0.9555    0.7696   0.06283   0.02835  0.002194
   283/499     1.33G   0.01104  0.004373 0.0003584   0.01577        21       416    0.9917    0.9539    0.9552    0.7583   0.06281   0.02832  0.002188
   284/499     1.33G  0.006911  0.004414 0.0002009   0.01153         9       416     0.991    0.9539    0.9552    0.7653   0.06308   0.02814  0.002191
   285/499     1.33G  0.004798  0.002268 8.516e-05  0.007152         6       416     0.991    0.9539    0.9552    0.7653   0.06308   0.02814  0.002191
   286/499     1.33G  0.006328  0.003629 3.894e-05  0.009996        28       416    0.9911    0.9538    0.9552    0.7302   0.06294   0.02839  0.002194
   287/499     1.33G  0.008488  0.004666 0.0002405   0.01339         4       416    0.9911    0.9538    0.9552    0.7302   0.06294   0.02839  0.002194
   288/499     1.33G   0.00519  0.004472 3.043e-05  0.009692        10       416    0.9905    0.9539    0.9557    0.7343   0.06288   0.02841  0.002198
   289/499     1.33G  0.007587  0.004159 4.852e-05   0.01179        17       416    0.9901    0.9539    0.9557    0.7345   0.06274   0.02864  0.002203
   290/499     1.33G  0.008415  0.004372 3.411e-05   0.01282        22       416    0.9901    0.9539    0.9557    0.7345   0.06274   0.02864  0.002203
   291/499     1.33G  0.005881  0.004197 3.801e-05   0.01012         7       416    0.9877    0.9539    0.9559    0.7318   0.06273   0.02884  0.002213
   292/499     1.33G  0.005946   0.00358 6.626e-05  0.009592        35       416     0.988    0.9539    0.9596    0.7244    0.0627   0.02892  0.002205
   293/499     1.33G  0.008621  0.004558 5.615e-05   0.01324        12       416     0.988    0.9539    0.9596    0.7244    0.0627   0.02892  0.002205
   294/499     1.33G  0.006025   0.00308 2.587e-05  0.009131        28       416    0.9886    0.9538    0.9598    0.7253   0.06273   0.02908  0.002197
   295/499     1.33G  0.005201  0.003044 2.977e-05  0.008275         6       416    0.9895    0.9539    0.9599    0.7245   0.06271   0.02889  0.002205
   296/499     1.33G  0.008869  0.004111 5.377e-05   0.01303         8       416    0.9895    0.9539    0.9599    0.7245   0.06271   0.02889  0.002205
   297/499     1.33G  0.005629   0.00352 0.0001849  0.009334         3       416    0.9873    0.9539    0.9599    0.7236   0.06279   0.02877  0.002209
   298/499     1.33G  0.006267  0.003633 7.811e-05  0.009978         8       416    0.9875    0.9538    0.9603    0.7245   0.06286   0.02877   0.00221
   299/499     1.33G  0.006823  0.004841 4.102e-05    0.0117        21       416    0.9875    0.9538    0.9603    0.7245   0.06286   0.02877   0.00221
   300/499     1.33G  0.007587  0.003488 6.159e-05   0.01114        23       416    0.9866    0.9539    0.9606    0.7233   0.06285   0.02871  0.002215
   301/499     1.33G  0.006587  0.003923 3.543e-05   0.01055        22       416    0.9845    0.9538    0.9599    0.7629   0.06311   0.02861  0.002223
   302/499     1.33G  0.006006  0.004537 2.869e-05   0.01057        43       416    0.9845    0.9538    0.9599    0.7629   0.06311   0.02861  0.002223
   303/499     1.33G  0.006238  0.003054 2.467e-05  0.009317        30       416    0.9857    0.9538    0.9571    0.7591   0.06318   0.02855  0.002232
   304/499     1.33G  0.006486  0.003944 3.352e-05   0.01046        21       416    0.9858    0.9539     0.957    0.7718   0.06291   0.02849  0.002221
   305/499     1.33G   0.00845  0.003799 4.903e-05    0.0123        19       416    0.9858    0.9539     0.957    0.7718   0.06291   0.02849  0.002221
   306/499     1.33G  0.005957  0.003718 3.128e-05  0.009705        21       416    0.9868    0.9539    0.9561    0.8087   0.06284   0.02862  0.002215
   307/499     1.33G   0.00819  0.004856 5.869e-05    0.0131         6       416    0.9918    0.9475    0.9559    0.8078   0.06284   0.02848  0.002231
   308/499     1.33G  0.008335  0.003284  0.000407   0.01203        14       416    0.9918    0.9475    0.9559    0.8078   0.06284   0.02847  0.002231
   309/499     1.33G  0.008584  0.004604 4.736e-05   0.01324        30       416    0.9853    0.9539    0.9555    0.7931   0.06289   0.02831  0.002227
   310/499     1.33G  0.005872  0.003627 3.961e-05  0.009539        20       416    0.9853    0.9539    0.9553    0.8076   0.06277   0.02821  0.002228
   311/499     1.33G  0.006374  0.003538 2.825e-05   0.00994         2       416    0.9853    0.9539    0.9553    0.8076   0.06277   0.02821  0.002228
   312/499     1.33G  0.009575  0.003819 8.917e-05   0.01348         4       416     0.985    0.9538    0.9582    0.8089   0.06261    0.0281  0.002234
   313/499     1.33G  0.005111  0.003318 3.262e-05  0.008462        23       416    0.9864    0.9538    0.9589    0.8448   0.06264   0.02797  0.002218
   314/499     1.33G    0.0062  0.004117 4.208e-05   0.01036        10       416    0.9864    0.9538    0.9589    0.8448   0.06264   0.02796  0.002218
   315/499     1.33G  0.006955  0.004883 2.915e-05   0.01187        29       416    0.9861    0.9539    0.9603     0.847   0.06251   0.02765   0.00222
   316/499     1.33G  0.007791  0.004141 5.879e-05   0.01199        16       416    0.9876    0.9539    0.9598     0.812    0.0624   0.02744    0.0022
   317/499     1.33G   0.00757  0.003949 3.515e-05   0.01155        12       416    0.9876    0.9539    0.9598     0.812    0.0624   0.02744    0.0022
   318/499     1.33G  0.005533  0.003593 9.382e-05  0.009219        14       416    0.9876    0.9539    0.9638    0.8145   0.06236   0.02746  0.002214
   319/499     1.33G  0.007015  0.003984  3.91e-05   0.01104        50       416    0.9876    0.9539    0.9638    0.8145   0.06236   0.02745  0.002214
   320/499     1.33G  0.005758  0.003762 2.518e-05  0.009546        12       416    0.9872    0.9539    0.9651    0.8156   0.06237   0.02738  0.002226
   321/499     1.33G  0.006894   0.00378 3.593e-05   0.01071         2       416    0.9866    0.9539    0.9646    0.8162   0.06223   0.02731  0.002216
   322/499     1.33G  0.007176  0.002821  4.44e-05   0.01004        20       416    0.9866    0.9539    0.9646    0.8162   0.06223   0.02731  0.002216
   323/499     1.33G  0.008716   0.00518  0.000264   0.01416        26       416    0.9866    0.9539    0.9611    0.8138   0.06225   0.02733    0.0022
   324/499     1.33G  0.006623  0.003251 3.321e-05  0.009908         5       416     0.986    0.9538    0.9654    0.8215   0.06224   0.02719  0.002219
   325/499     1.33G  0.005283  0.003233 2.142e-05  0.008537         0       416     0.986    0.9538    0.9654    0.8215   0.06224   0.02719  0.002219
   326/499     1.33G  0.005313  0.002751 0.0002325  0.008296        18       416    0.9871    0.9539    0.9613    0.8187   0.06233   0.02723  0.002195
   327/499     1.33G  0.005472  0.003628 2.621e-05  0.009127        20       416    0.9863    0.9539    0.9615    0.8176   0.06235   0.02724  0.002204
   328/499     1.33G  0.005477  0.003354 4.924e-05   0.00888        22       416    0.9863    0.9539    0.9615    0.8176   0.06235   0.02723  0.002204
   329/499     1.33G  0.007649  0.003121 0.0002589   0.01103        29       416    0.9866    0.9539    0.9616    0.8158   0.06235   0.02718  0.002222
   330/499     1.33G  0.008284  0.003785 6.272e-05   0.01213        39       416     0.987    0.9538    0.9615    0.8169   0.06223   0.02713  0.002231
   331/499     1.33G  0.005289  0.003112 4.955e-05   0.00845        17       416     0.987    0.9538    0.9615    0.8169   0.06223   0.02713  0.002231
   332/499     1.33G  0.005419  0.003397 6.188e-05  0.008878        17       416    0.9872    0.9538    0.9619    0.8158    0.0623   0.02726  0.002215
   333/499     1.33G  0.005139  0.003436 3.603e-05  0.008611        18       416    0.9865    0.9539    0.9615    0.8127   0.06236   0.02725  0.002205
   334/499     1.33G  0.008018  0.003097  5.07e-05   0.01117        19       416    0.9865    0.9539    0.9615    0.8127   0.06236   0.02725  0.002205
   335/499     1.33G  0.008098  0.003576 3.403e-05   0.01171        22       416     0.986    0.9539    0.9624    0.7985   0.06243   0.02727  0.002222
   336/499     1.33G  0.005113  0.003056 2.235e-05  0.008191        10       416    0.9855    0.9539    0.9621    0.7997   0.06245   0.02735  0.002221
   337/499     1.33G  0.006672  0.003308 0.0002344   0.01021        34       416    0.9855    0.9539    0.9621    0.7997   0.06245   0.02735  0.002221
   338/499     1.33G  0.004493   0.00283 5.412e-05  0.007377         5       416    0.9854    0.9539    0.9625    0.7605   0.06234   0.02738  0.002228
   339/499     1.33G  0.006375  0.003995 2.772e-05    0.0104        18       416    0.9874    0.9539    0.9618    0.7607    0.0623   0.02737  0.002212
   340/499     1.33G  0.005252   0.00266 2.688e-05  0.007939        13       416    0.9874    0.9539    0.9618    0.7607    0.0623   0.02737  0.002212
   341/499     1.33G  0.005764  0.003217  5.28e-05  0.009034        32       416     0.988    0.9539    0.9654    0.8011   0.06231    0.0274  0.002222
   342/499     1.33G  0.007958  0.003785 5.252e-05    0.0118         9       416    0.9884    0.9539    0.9623    0.7992   0.06231   0.02737  0.002227
   343/499     1.33G  0.005454  0.003688 2.652e-05  0.009168         8       416    0.9884    0.9539    0.9623    0.7992   0.06231   0.02737  0.002227
   344/499     1.33G  0.005166  0.003468 2.497e-05   0.00866        10       416    0.9896    0.9539    0.9677     0.803   0.06229   0.02726  0.002221
   345/499     1.33G  0.005702  0.003506 4.051e-05  0.009248         5       416    0.9902    0.9539    0.9631    0.8007   0.06227   0.02718  0.002197
   346/499     1.33G  0.006799  0.004407 0.0001152   0.01132        26       416    0.9902    0.9539    0.9631    0.8007   0.06227   0.02719  0.002197
   347/499     1.33G  0.005841   0.00439 3.463e-05   0.01027        23       416    0.9903    0.9539    0.9677    0.8041    0.0623   0.02721  0.002201
   348/499     1.33G  0.005792  0.003438  2.89e-05  0.009258        31       416    0.9895    0.9539    0.9678    0.8023   0.06231   0.02718  0.002225
   349/499     1.33G  0.007228  0.003957 3.743e-05   0.01122        48       416    0.9895    0.9539    0.9678    0.8023   0.06231   0.02718  0.002225
   350/499     1.33G  0.007945  0.004007 4.256e-05   0.01199        18       416    0.9891    0.9539    0.9632    0.8122   0.06228   0.02712   0.00223
   351/499     1.33G  0.005611  0.003267 3.906e-05  0.008917        21       416    0.9891    0.9539    0.9632    0.8122   0.06228   0.02712   0.00223
   352/499     1.33G  0.006306  0.003414 2.848e-05  0.009749         6       416    0.9891    0.9539    0.9665    0.8144   0.06228   0.02715  0.002213
   353/499     1.33G  0.007219  0.003526 0.0002766   0.01102         6       416    0.9886    0.9539    0.9662    0.8144   0.06229   0.02705   0.00222
   354/499     1.33G  0.005011  0.002788 2.126e-05  0.007821        22       416    0.9886    0.9539    0.9662    0.8144   0.06229   0.02705   0.00222
   355/499     1.33G  0.008261   0.00259 0.0002408   0.01109        22       416    0.9891    0.9539    0.9659    0.8104   0.06231   0.02705  0.002217
   356/499     1.33G  0.007862    0.0051  0.000101   0.01306        28       416    0.9896    0.9539    0.9663    0.8138   0.06223   0.02703  0.002206
   357/499     1.33G  0.005137  0.002846 2.642e-05  0.008009         7       416    0.9896    0.9539    0.9663    0.8138   0.06223   0.02703  0.002206
   358/499     1.33G  0.005389  0.003901 2.551e-05  0.009315        24       416    0.9908    0.9539    0.9656    0.8145   0.06223   0.02693  0.002195
   359/499     1.33G  0.008902  0.003792 5.564e-05   0.01275        19       416    0.9897    0.9539    0.9616    0.8118   0.06228   0.02677  0.002223
   360/499     1.33G  0.005764  0.003308 4.318e-05  0.009116        10       416    0.9897    0.9539    0.9616    0.8118   0.06228   0.02677  0.002223
   361/499     1.33G    0.0061  0.003905 2.786e-05   0.01003        21       416    0.9898    0.9539    0.9613    0.8133   0.06234   0.02686  0.002211
   362/499     1.33G  0.006139  0.004298 0.0005259   0.01096        19       416    0.9909    0.9539     0.962    0.8124   0.06229   0.02669  0.002221
   363/499     1.33G  0.005413  0.003598 4.831e-05   0.00906         9       416    0.9909    0.9539     0.962    0.8124   0.06229    0.0267  0.002221
   364/499     1.33G  0.005394   0.00287 2.954e-05  0.008293        11       416    0.9909    0.9539    0.9617    0.8491   0.06236   0.02673  0.002256
   365/499     1.33G  0.005597  0.002681 4.038e-05  0.008318         6       416    0.9886    0.9539    0.9574    0.8461    0.0624   0.02653  0.002256
   366/499     1.33G  0.004685  0.003618 2.528e-05  0.008327        20       416    0.9886    0.9539    0.9574    0.8461    0.0624   0.02654  0.002256
   367/499     1.33G   0.00518  0.004783 3.226e-05  0.009995        45       416     0.989    0.9539    0.9577    0.8452   0.06239    0.0265  0.002258
   368/499     1.33G  0.005943  0.003214  2.74e-05  0.009184        17       416    0.9906    0.9539    0.9581    0.8481   0.06226   0.02666  0.002252
   369/499     1.33G  0.005054  0.004053 2.824e-05  0.009135        50       416    0.9906    0.9539    0.9581    0.8481   0.06226   0.02666  0.002252
   370/499     1.33G  0.005126  0.003248 5.216e-05  0.008426         8       416    0.9912    0.9539    0.9579    0.8466    0.0622   0.02672  0.002249
   371/499     1.33G  0.004773  0.003244  2.78e-05  0.008045        37       416    0.9915    0.9539    0.9616    0.8531   0.06217   0.02677  0.002248
   372/499     1.33G  0.005558  0.003557 3.155e-05  0.009147         7       416    0.9915    0.9539    0.9616    0.8531   0.06217   0.02677  0.002248
   373/499     1.33G   0.00515  0.003412 2.957e-05  0.008591        10       416     0.992    0.9539    0.9616    0.8145   0.06215   0.02688  0.002266
   374/499     1.33G  0.004575  0.003078 2.288e-05  0.007675        31       416    0.9915    0.9539    0.9615    0.8163   0.06219    0.0269  0.002281
   375/499     1.33G  0.006599  0.004225 2.815e-05   0.01085        10       416    0.9915    0.9539    0.9615    0.8163   0.06219    0.0269  0.002281
   376/499     1.33G  0.004551  0.002543 2.627e-05  0.007121        15       416    0.9923    0.9539    0.9614    0.8131   0.06221     0.027   0.00226
   377/499     1.33G  0.005423   0.00276  2.39e-05  0.008207         6       416    0.9918    0.9539    0.9608      0.85   0.06227   0.02691  0.002262
   378/499     1.33G   0.00496  0.003538 2.677e-05  0.008525         8       416    0.9918    0.9539    0.9608      0.85   0.06227   0.02691  0.002262
   379/499     1.33G  0.005366  0.003594 0.0001114  0.009071        15       416    0.9924    0.9539    0.9613      0.85   0.06229   0.02689  0.002239
   380/499     1.33G  0.005156  0.002756 3.175e-05  0.007945         4       416    0.9919    0.9539    0.9613    0.8107   0.06225     0.027  0.002253
   381/499     1.33G  0.004565  0.003741 2.854e-05  0.008334        24       416    0.9919    0.9539    0.9613    0.8107   0.06225     0.027  0.002253
   382/499     1.33G  0.006122  0.003671 5.687e-05   0.00985        18       416    0.9913    0.9539    0.9617    0.8102   0.06229    0.0269  0.002261
   383/499     1.33G   0.00518  0.003272 4.784e-05  0.008501         5       416    0.9913    0.9539    0.9617    0.8102   0.06229    0.0269  0.002261
   384/499     1.33G  0.004006  0.003167  2.39e-05  0.007197        32       416    0.9909    0.9539    0.9612    0.7984   0.06239   0.02695  0.002243
   385/499     1.33G  0.008242  0.003926 0.0002595   0.01243        27       416    0.9912    0.9539    0.9564    0.7944   0.06241   0.02707  0.002254
   386/499     1.33G  0.007405  0.004257  3.35e-05    0.0117        36       416    0.9912    0.9539    0.9564    0.7944   0.06241   0.02707  0.002254
   387/499     1.33G  0.007117  0.003872 0.0002654   0.01125        31       416    0.9914    0.9539    0.9609    0.7981   0.06238   0.02702  0.002237
   388/499     1.33G  0.004955  0.004811 2.471e-05   0.00979         8       416    0.9917    0.9539    0.9568     0.796   0.06228   0.02699  0.002212
   389/499     1.33G  0.005796  0.003689 0.0003066  0.009791         3       416    0.9917    0.9539    0.9568     0.796   0.06228   0.02699  0.002212
   390/499     1.33G  0.005907  0.003484 2.652e-05  0.009417        16       416    0.9915    0.9539    0.9613       0.8   0.06222   0.02706  0.002234
   391/499     1.33G  0.005752  0.004324 0.0001094   0.01019        17       416    0.9914    0.9539     0.961    0.8013   0.06222     0.027  0.002238
   392/499     1.33G   0.00497  0.002831 2.321e-05  0.007824         3       416    0.9914    0.9539     0.961    0.8013   0.06222     0.027  0.002238
   393/499     1.33G  0.005045  0.002882 2.836e-05  0.007956        13       416    0.9911    0.9539    0.9569     0.798   0.06224   0.02703  0.002237
   394/499     1.33G  0.004644   0.00317 2.401e-05  0.007838         9       416    0.9907    0.9539    0.9567     0.799   0.06226   0.02711  0.002251
   395/499     1.33G  0.007036  0.004152  0.000281   0.01147        26       416    0.9907    0.9539    0.9567     0.799   0.06226   0.02711  0.002251
   396/499     1.33G  0.004648  0.003184 2.138e-05  0.007852        36       416    0.9914    0.9539    0.9569    0.7975   0.06226   0.02717  0.002219
   397/499     1.33G   0.00593  0.005541 2.968e-05    0.0115        38       416    0.9916    0.9539    0.9571    0.7981   0.06233   0.02709  0.002219
   398/499     1.33G  0.004135  0.002366 2.486e-05  0.006526         9       416    0.9916    0.9539    0.9571    0.7981   0.06233   0.02709  0.002219
   399/499     1.33G  0.005299  0.003452 6.551e-05  0.008816        20       416    0.9918    0.9539    0.9569    0.7966   0.06242   0.02702  0.002212
   400/499     1.33G  0.006563  0.003334 4.103e-05  0.009938        41       416    0.9909    0.9539    0.9606    0.7992   0.06247   0.02712  0.002204
   401/499     1.33G  0.004924  0.003945 2.439e-05  0.008893        25       416    0.9909    0.9539    0.9606    0.7992   0.06247   0.02712  0.002204
   402/499     1.33G   0.00855  0.003289 3.168e-05   0.01187         9       416    0.9904    0.9539    0.9608    0.7971   0.06247   0.02713  0.002217
   403/499     1.33G  0.004686  0.003642 4.524e-05  0.008374        14       416    0.9906    0.9539    0.9613    0.8121   0.06246   0.02705  0.002221
   404/499     1.33G  0.006196  0.003151   2.4e-05  0.009372         6       416    0.9906    0.9539    0.9613    0.8121   0.06246   0.02706  0.002221
   405/499     1.33G  0.004751  0.004166 2.293e-05   0.00894         9       416    0.9901    0.9539    0.9613    0.8113   0.06245     0.027  0.002229
   406/499     1.33G  0.005648  0.003349 0.0001012  0.009098        20       416      0.99    0.9539    0.9612    0.8131   0.06239   0.02718  0.002234
   407/499     1.33G  0.005499  0.003098 5.193e-05  0.008649         7       416      0.99    0.9539    0.9612    0.8131   0.06239   0.02718  0.002234
   408/499     1.33G  0.004433   0.00384 2.714e-05    0.0083        11       416    0.9911    0.9539    0.9603    0.8146   0.06238   0.02723  0.002206
   409/499     1.33G  0.008222  0.003334 3.138e-05   0.01159        25       416    0.9906    0.9539      0.96    0.8477   0.06244   0.02718  0.002204
   410/499     1.33G  0.008011  0.002775 7.602e-05   0.01086         9       416    0.9906    0.9539      0.96    0.8477   0.06244   0.02718  0.002204
   411/499     1.33G  0.004872  0.003158 2.446e-05  0.008055        28       416    0.9913    0.9539    0.9598    0.8486   0.06244   0.02717  0.002202
   412/499     1.33G  0.005609  0.004338 6.998e-05   0.01002        38       416    0.9917    0.9539    0.9611    0.8503   0.06235   0.02721  0.002208
   413/499     1.33G  0.006809  0.003818 5.024e-05   0.01068         4       416    0.9917    0.9539    0.9611    0.8503   0.06235   0.02722  0.002208
   414/499     1.33G  0.007767  0.003525 5.051e-05   0.01134        25       416    0.9924    0.9539    0.9571    0.8497   0.06226   0.02718  0.002194
   415/499     1.33G  0.005699  0.003783 3.701e-05  0.009519        43       416    0.9924    0.9539    0.9571    0.8497   0.06226   0.02718  0.002194
   416/499     1.33G  0.005038  0.003821 2.493e-05  0.008884        22       416    0.9924    0.9539    0.9614    0.8546   0.06227   0.02724   0.00219
   417/499     1.33G  0.005703  0.004184 5.531e-05  0.009942         7       416    0.9918    0.9539     0.961    0.8177   0.06226    0.0272  0.002205
   418/499     1.33G  0.004864   0.00389 0.0001362  0.008891        31       416    0.9918    0.9539     0.961    0.8177   0.06226    0.0272  0.002205
   419/499     1.33G  0.005392  0.003878 2.901e-05  0.009299         9       416    0.9919    0.9539    0.9567    0.8157   0.06226   0.02724  0.002196
   420/499     1.33G  0.005387  0.003788 3.158e-05  0.009207        32       416    0.9922    0.9539     0.957    0.8508   0.06229   0.02713  0.002201
   421/499     1.33G  0.004819  0.002621 2.648e-05  0.007466        23       416    0.9922    0.9539     0.957    0.8508   0.06229   0.02713  0.002201
   422/499     1.33G  0.007821  0.003291 0.0004598   0.01157        13       416    0.9927    0.9539    0.9569    0.8512   0.06234   0.02717  0.002197
   423/499     1.33G  0.007764  0.003581 4.212e-05   0.01139        20       416    0.9928    0.9539    0.9647    0.8599   0.06231   0.02723  0.002196
   424/499     1.33G  0.005096  0.003864 2.338e-05  0.008983         9       416    0.9928    0.9539    0.9647    0.8599   0.06231   0.02723  0.002196
   425/499     1.33G  0.007067  0.003213 4.717e-05   0.01033        12       416    0.9922    0.9539    0.9609    0.8556   0.06235   0.02711  0.002206
   426/499     1.33G  0.004673  0.003619 2.261e-05  0.008315        14       416    0.9924    0.9539    0.9604    0.8531   0.06239   0.02705    0.0022
   427/499     1.33G  0.004378  0.002944 2.004e-05  0.007342         4       416    0.9924    0.9539    0.9604    0.8531   0.06239   0.02705    0.0022
   428/499     1.33G  0.004598  0.003233 3.944e-05   0.00787        22       416    0.9925    0.9539    0.9564    0.8475   0.06245   0.02706   0.00219
   429/499     1.33G  0.004885  0.003085 7.481e-05  0.008045         3       416    0.9931    0.9539     0.957    0.8483    0.0624   0.02714  0.002192
   430/499     1.33G  0.005082  0.003316 0.0002149  0.008613         9       416    0.9931    0.9539     0.957    0.8483    0.0624   0.02714  0.002192
   431/499     1.33G  0.005233  0.003119 2.298e-05  0.008375         3       416    0.9922    0.9539    0.9563    0.8463   0.06238   0.02716  0.002198
   432/499     1.33G  0.004223  0.002685 2.225e-05   0.00693        46       416     0.992    0.9539    0.9562     0.848   0.06233   0.02727  0.002191
   433/499     1.33G  0.004864  0.004004 9.413e-05  0.008962        24       416     0.992    0.9539    0.9562     0.848   0.06233   0.02727  0.002191
   434/499     1.33G  0.005103  0.003424 3.412e-05  0.008562        16       416    0.9919    0.9539    0.9564     0.848   0.06233   0.02729  0.002191
   435/499     1.33G   0.00582  0.003095 2.746e-05  0.008942        22       416    0.9921    0.9539    0.9567      0.81   0.06235   0.02736  0.002218
   436/499     1.33G  0.004604  0.003436 2.868e-05  0.008069        34       416    0.9921    0.9539    0.9567      0.81   0.06235   0.02736  0.002218
   437/499     1.33G   0.00697  0.002735 3.689e-05  0.009742         4       416    0.9926    0.9539    0.9562    0.8489   0.06233   0.02735  0.002199
   438/499     1.33G  0.004917  0.003292  0.000147  0.008356        26       416    0.9925    0.9539    0.9559    0.8494   0.06232   0.02723  0.002191
   439/499     1.33G  0.004429  0.002848  1.93e-05  0.007297        31       416    0.9925    0.9539    0.9559    0.8494   0.06232   0.02723  0.002191
   440/499     1.33G  0.005075  0.003712 2.556e-05  0.008812        12       416    0.9928    0.9539    0.9563    0.8119   0.06233   0.02719  0.002191
   441/499     1.33G  0.004801  0.003375 2.027e-05  0.008196         3       416    0.9936    0.9539    0.9568    0.8132   0.06225   0.02708   0.00218
   442/499     1.33G  0.004902  0.002366 3.195e-05    0.0073        14       416    0.9936    0.9539    0.9568    0.8132   0.06225   0.02709   0.00218
   443/499     1.33G  0.004075  0.003025 2.093e-05  0.007121        16       416    0.9936    0.9539    0.9602    0.8174   0.06225   0.02721  0.002187
   444/499     1.33G  0.007345  0.003843 2.423e-05   0.01121        21       416    0.9941    0.9539    0.9608    0.8184   0.06223   0.02733  0.002181
   445/499     1.33G  0.005437  0.004446 2.813e-05  0.009911        41       416    0.9941    0.9539    0.9608    0.8184   0.06223   0.02733  0.002181
   446/499     1.33G  0.004777  0.003098 2.778e-05  0.007903        10       416    0.9943    0.9539     0.961    0.8168   0.06227   0.02742  0.002179
   447/499     1.33G  0.007874  0.002551 7.023e-05    0.0105        16       416    0.9943    0.9539     0.961    0.8168   0.06227   0.02743  0.002179
   448/499     1.33G   0.00469  0.003149 2.107e-05  0.007861        10       416    0.9937    0.9539    0.9598    0.8168   0.06233   0.02744  0.002185
   449/499     1.33G  0.009547  0.002682 0.0003307   0.01256         5       416    0.9937    0.9539    0.9602    0.8154   0.06234   0.02739  0.002177
   450/499     1.33G  0.007929  0.002827 6.718e-05   0.01082         4       416    0.9937    0.9539    0.9602    0.8154   0.06234   0.02738  0.002177
   451/499     1.33G  0.004538  0.002742 3.063e-05   0.00731        21       416    0.9938    0.9539     0.961     0.815   0.06232   0.02733   0.00218
   452/499     1.33G  0.004646  0.002788 2.872e-05  0.007462        31       416    0.9935    0.9539    0.9604    0.8159   0.06232   0.02745  0.002195
   453/499     1.33G  0.008849  0.003058 9.848e-05     0.012         3       416    0.9935    0.9539    0.9604    0.8159   0.06232   0.02745  0.002195
   454/499     1.33G  0.004645  0.002654 3.373e-05  0.007332        15       416    0.9935    0.9539    0.9612    0.8183   0.06229   0.02746   0.00221
   455/499     1.33G  0.004794  0.003243 2.101e-05  0.008058         7       416    0.9936    0.9539    0.9612    0.8196   0.06224    0.0275  0.002191
   456/499     1.33G  0.004537  0.003232 2.695e-05  0.007796        10       416    0.9936    0.9539    0.9612    0.8196   0.06224    0.0275  0.002191
   457/499     1.33G  0.005545   0.00423 8.947e-05  0.009864        38       416    0.9942    0.9539    0.9608    0.8193   0.06219    0.0275  0.002178
   458/499     1.33G  0.005207  0.003894 3.359e-05  0.009135        23       416    0.9953    0.9539    0.9612    0.8196   0.06213   0.02745  0.002172
   459/499     1.33G  0.005555  0.003415  3.82e-05  0.009008        14       416    0.9953    0.9539    0.9612    0.8196   0.06213   0.02745  0.002172
   460/499     1.33G  0.005058  0.003659 2.733e-05  0.008745        18       416    0.9949    0.9538    0.9573    0.8161   0.06214    0.0275  0.002179
   461/499     1.33G  0.004609  0.002369 1.851e-05  0.006997        25       416    0.9946    0.9539    0.9606    0.8188   0.06215   0.02746  0.002175
   462/499     1.33G   0.00439   0.00319 3.099e-05  0.007611        44       416    0.9946    0.9539    0.9606    0.8188   0.06215   0.02746  0.002175
   463/499     1.33G  0.005866  0.003117 3.758e-05   0.00902         4       416    0.9947    0.9539    0.9608    0.8189   0.06216    0.0275  0.002174
   464/499     1.33G  0.006384  0.003657     3e-05   0.01007        18       416    0.9946    0.9539    0.9606    0.8158   0.06223   0.02756  0.002179
   465/499     1.33G  0.004721  0.003984 2.756e-05  0.008733        28       416    0.9946    0.9539    0.9606    0.8158   0.06223   0.02756  0.002179
   466/499     1.33G  0.004865  0.002896 0.0002623  0.008023        17       416    0.9951    0.9539    0.9617     0.817    0.0622   0.02756   0.00217
   467/499     1.33G   0.00544  0.004089 4.337e-05  0.009573        17       416    0.9953    0.9539    0.9616    0.8161   0.06223   0.02765  0.002171
   468/499     1.33G  0.007075  0.003993  0.000117   0.01119        12       416    0.9953    0.9539    0.9616    0.8161   0.06223   0.02765  0.002171
   469/499     1.33G  0.005149  0.003633 0.0002569  0.009039        20       416    0.9951    0.9539    0.9614    0.8164   0.06232   0.02773  0.002173
   470/499     1.33G  0.007723  0.003648 0.0002655   0.01164        25       416    0.9946    0.9539    0.9614    0.8183   0.06234   0.02778  0.002175
   471/499     1.33G  0.008157  0.003629 0.0001434   0.01193        16       416    0.9946    0.9539    0.9614    0.8183   0.06234   0.02778  0.002175
   472/499     1.33G  0.006572    0.0036 3.536e-05   0.01021        28       416     0.995    0.9538    0.9609    0.8187   0.06236   0.02789  0.002173
   473/499     1.33G  0.004154  0.003425  2.53e-05  0.007604        21       416    0.9958    0.9539     0.961    0.8188    0.0623   0.02786   0.00217
   474/499     1.33G  0.004883  0.003034 3.546e-05  0.007952        13       416    0.9958    0.9539     0.961    0.8188    0.0623   0.02786   0.00217
   475/499     1.33G  0.006407  0.003644  5.38e-05    0.0101        15       416    0.9952    0.9539    0.9575     0.817   0.06229   0.02775  0.002174
   476/499     1.33G  0.005958  0.003783 5.583e-05  0.009797        30       416    0.9957    0.9539    0.9622    0.8193   0.06224   0.02775  0.002177
   477/499     1.33G  0.005178     0.003 4.023e-05  0.008218         9       416    0.9957    0.9539    0.9622    0.8193   0.06224   0.02775  0.002177
   478/499     1.33G  0.005153  0.003888 2.014e-05  0.009062         8       416    0.9949    0.9539    0.9579    0.8136   0.06224   0.02775  0.002188
   479/499     1.33G    0.0041  0.003379 2.488e-05  0.007504        41       416    0.9949    0.9539    0.9579    0.8136   0.06224   0.02776  0.002188
   480/499     1.33G  0.003983  0.002744 2.129e-05  0.006749         8       416     0.995    0.9539    0.9576    0.8128   0.06224   0.02776  0.002182
   481/499     1.33G  0.004796  0.003378   2.6e-05  0.008201        32       416    0.9944    0.9539    0.9576    0.8127   0.06224   0.02785  0.002189
   482/499     1.33G  0.004735   0.00266 2.172e-05  0.007417        22       416    0.9944    0.9539    0.9576    0.8127   0.06224   0.02786  0.002189
   483/499     1.33G  0.005687  0.003497  3.75e-05  0.009221        36       416    0.9939    0.9539    0.9572    0.8135   0.06226   0.02788  0.002188
   484/499     1.33G  0.004297  0.003371 2.239e-05  0.007691        31       416    0.9937    0.9539    0.9576     0.814   0.06224   0.02783  0.002184
   485/499     1.33G   0.00707  0.003339  0.000165   0.01057        33       416    0.9937    0.9539    0.9576     0.814   0.06224   0.02783  0.002184
   486/499     1.33G  0.006963  0.002978  4.03e-05  0.009982         0       416    0.9938    0.9539    0.9574    0.8149   0.06224   0.02783  0.002178
   487/499     1.33G  0.005012  0.003498 3.146e-05  0.008541        17       416    0.9938    0.9539    0.9572    0.8148   0.06227   0.02792  0.002186
   488/499     1.33G  0.004988  0.004139 2.962e-05  0.009157        31       416    0.9938    0.9539    0.9572    0.8148   0.06227   0.02792  0.002186
   489/499     1.33G  0.009946  0.003279 0.0001238   0.01335         7       416    0.9939    0.9539    0.9575     0.816   0.06221    0.0279  0.002181
   490/499     1.33G  0.007858  0.003679 6.532e-05    0.0116        15       416    0.9936    0.9539    0.9573    0.8136   0.06224   0.02795  0.002181
   491/499     1.33G  0.007143  0.003125 0.0002455   0.01051         3       416    0.9936    0.9539    0.9573    0.8136   0.06224   0.02795  0.002181
   492/499     1.33G  0.005117  0.003563 6.508e-05  0.008745        29       416    0.9938    0.9539    0.9571    0.8142   0.06227   0.02801  0.002177
   493/499     1.33G  0.006506  0.003464 2.843e-05  0.009998        20       416    0.9927    0.9539    0.9571    0.8138   0.06231   0.02793  0.002196
   494/499     1.33G  0.005244  0.004454 5.814e-05  0.009756        32       416    0.9927    0.9539    0.9571    0.8138   0.06231   0.02793  0.002196
   495/499     1.33G  0.007264  0.003101 5.508e-05   0.01042        17       416    0.9934    0.9539    0.9576    0.8152   0.06227   0.02793    0.0022
   496/499     1.33G  0.005056  0.003399   6.8e-05  0.008524        29       416    0.9931    0.9539    0.9573     0.815   0.06227   0.02793  0.002198
   497/499     1.33G  0.003682  0.002435 1.997e-05  0.006137         9       416    0.9931    0.9539    0.9573     0.815   0.06227   0.02792  0.002198
   498/499     1.33G  0.004703  0.003041 5.233e-05  0.007796        19       416    0.9933    0.9539    0.9566    0.8154   0.06229   0.02792  0.002186
   499/499     1.33G   0.00606   0.00338 4.207e-05  0.009482        20       416    0.9929    0.9539    0.9566    0.8103   0.06234   0.02793  0.002202
